delta_t = 1.0;
rho = 1;
t_step = 1;
Cp = 1.2552;
Vol = 25.0;
delta_H = -91200;
h = 200.89;
A = 0.1817;
T_K0=293.15;